35.695527831687386 139.74073715355996 141.70000000000002
35.69567129146296 139.74068748486278 141.70000000000002 
35.69566206722319 139.7406481584399 141.70000000000002 
35.69563831765899 139.74059161124347 141.70000000000002 
35.69560574010845 139.7405421461394 141.70000000000002 
35.6955660589388 139.74051500976645 141.70000000000002 
35.69552447977532 139.7404812457848 141.70000000000002 
35.69547949424215 139.74047190566841 141.70000000000002 
35.695452361260074 139.74046961668256 141.70000000000002 
35.69543148839924 139.74040323210554 141.70000000000002 
35.69535985714952 139.74043900574773 141.70000000000002 
35.69536356631697 139.740456570475 141.70000000000002 
35.69530463786975 139.74048393154783 141.70000000000002 
35.69527789443551 139.7404024158212 141.70000000000002 
35.695264378599 139.74040850883077 141.70000000000002 
35.6952370878893 139.74031870654107 141.70000000000002 
35.69522762659326 139.74032269541385 141.70000000000002 
35.69522283858188 139.74030877837126 141.70000000000002 
35.695191212328695 139.74032406365686 141.70000000000002 
35.695179650304745 139.7402923645051 141.70000000000002 
35.69515568406368 139.74030554145506 141.70000000000002 
35.695164269007094 139.74033392915263 141.70000000000002 
35.69513201119496 139.74034844167315 141.70000000000002 
35.695138244548964 139.74036644540365 141.70000000000002 
35.6951310365872 139.74037032115407 141.70000000000002 
35.6951601277793 139.74045724833942 141.70000000000002 
35.69513814214411 139.74046732903244 141.70000000000002 
35.69516371435189 139.7405496194727 141.70000000000002 
35.69511091314414 139.74057432139298 141.70000000000002 
35.69510540304501 139.74055907923173 141.70000000000002 
35.695031972497574 139.74059938503112 141.70000000000002 
35.695136231766455 139.74091307502636 141.70000000000002 
35.69520615395482 139.74088172375366 141.70000000000002 
35.69520244663176 139.7408664794721 141.70000000000002 
35.695240108388056 139.74084632556813 141.70000000000002 
35.695251588191134 139.7408885221226 141.70000000000002 
35.69528555815905 139.74087334483986 141.70000000000002 
35.695407561095514 139.7408180659658 141.70000000000002 
35.69543206982667 139.7408069879464 141.70000000000002 
35.69542113472485 139.74076987354653 141.70000000000002 
35.6955257536949 139.74073085761822 141.70000000000002 
35.695527831687386 139.74073715355996 141.70000000000002

35.69609°N, 139.74057°E
								